0 0 0 0 0 0 0 0 0 0 0 0 0 0 0 0 0 0 0 0 0 0 0 0 0 0 0 0 0 0 0 0 0 0 0 0 0 0 0 0 0 0 0 0 0 0 0 0 0 0
0 0 0 0 0 3 0 0 0 0 0 0 0 0 0 0 0 0 0 0 0 0 0 0 0 0 0 0 0 0 0 0 0 0 0 0 0 0 0 0 0 0 0 3 0 0 0 0 0 0
0 0 5 2 2 2 2 5 0 0 0 0 5 2 2 2 2 5 0 0 0 0 0 0 0 0 0 0 0 0 0 0 5 2 2 2 2 5 0 0 0 0 5 2 2 2 2 5 0 0
0 0 5 2 4 2 2 5 0 0 0 0 5 2 4 2 2 5 0 0 0 0 0 0 0 0 0 0 0 0 0 0 5 2 4 2 2 5 0 0 0 0 5 2 4 2 2 5 0 0
0 0 5 2 2 2 2 5 0 0 0 0 5 2 2 2 2 5 0 0 0 0 0 0 0 0 0 0 0 0 0 0 5 2 2 2 2 5 0 0 0 0 5 2 2 2 2 5 0 0
0 0 5 5 5 6 5 5 0 0 0 0 5 5 5 6 5 5 0 0 0 0 0 0 0 0 0 0 0 0 0 0 5 5 5 6 5 5 0 0 0 0 5 5 5 6 5 5 0 0
0 0 0 0 0 0 0 0 0 0 0 0 0 0 0 0 0 0 0 0 0 0 0 0 0 0 0 0 0 0 0 0 0 0 0 0 0 0 0 0 0 0 0 0 0 0 0 0 0 0
0 3 0 0 0 0 0 0 3 0 0 3 0 0 0 0 0 0 3 0 0 0 0 0 0 0 0 0 0 0 3 0 0 0 0 0 0 0 3 0 0 3 0 0 0 0 0 0 3 0
0 0 0 0 0 0 0 0 0 0 0 0 0 0 0 0 0 0 0 0 0 0 0 0 0 0 0 0 0 0 0 0 0 0 0 0 0 0 0 0 0 0 0 0 0 0 0 0 0 0
1 1 1 1 1 1 1 1 1 1 1 1 1 1 1 1 1 1 1 1 1 1 1 1 7 1 1 1 1 1 1 1 1 1 1 1 1 1 1 1 1 1 1 1 1 1 1 1 1 1
1 1 1 1 1 1 1 1 1 1 1 1 1 1 1 1 1 1 1 1 1 1 1 1 7 1 1 1 1 1 1 1 1 1 1 1 1 1 1 1 1 1 1 1 1 1 1 1 1 1
0 0 0 0 0 0 0 0 0 0 0 0 0 0 0 0 0 0 0 0 0 0 0 0 7 0 0 0 0 0 0 0 0 0 0 0 0 0 0 0 0 0 0 0 0 0 0 0 0 0
0 3 0 0 0 0 0 0 3 0 0 3 0 0 0 0 0 0 3 0 0 0 0 0 7 0 0 0 0 0 3 0 0 0 0 0 0 0 3 0 0 3 0 0 0 0 0 0 3 0
0 0 0 0 0 0 0 0 0 0 0 0 0 0 0 0 0 0 0 0 0 0 0 0 7 0 0 0 0 0 0 0 0 0 0 0 0 0 0 0 0 0 0 0 0 0 0 0 0 0
0 0 5 2 2 2 2 5 0 0 0 0 5 2 2 2 2 5 0 0 0 0 0 0 7 0 0 0 0 0 0 0 5 2 2 2 2 5 0 0 0 0 5 2 2 2 2 5 0 0
0 0 5 2 4 2 2 5 0 0 0 0 5 2 4 2 2 5 0 0 0 0 0 0 7 0 0 0 0 0 0 0 5 2 4 2 2 5 0 0 0 0 5 2 4 2 2 5 0 0
0 0 5 2 2 2 2 5 0 0 0 0 5 2 2 2 2 5 0 0 0 0 0 0 7 0 0 0 0 0 0 0 5 2 2 2 2 5 0 0 0 0 5 2 2 2 2 5 0 0
0 0 5 5 5 6 5 5 0 0 0 0 5 5 5 6 5 5 0 0 0 0 0 0 7 0 0 0 0 0 0 0 5 5 5 6 5 5 0 0 0 0 5 5 5 6 5 5 0 0
0 0 0 0 0 0 0 0 0 0 0 0 0 0 0 0 0 0 0 0 0 0 0 0 7 0 0 0 0 0 0 0 0 0 0 0 0 0 0 0 0 0 0 0 0 0 0 0 0 0
0 3 0 0 0 0 0 0 3 0 0 3 0 0 0 0 0 0 3 0 0 0 0 0 7 0 0 0 0 0 3 0 0 0 0 0 0 0 3 0 0 3 0 0 0 0 0 0 3 0
0 0 0 0 0 0 0 0 0 0 0 0 0 0 0 0 0 0 0 0 0 0 0 0 7 0 0 0 0 0 0 0 0 0 0 0 0 0 0 0 0 0 0 0 0 0 0 0 0 0
0 0 0 0 0 0 0 0 0 0 0 0 0 0 0 0 0 0 0 8 8 8 8 8 7 8 8 8 8 8 0 0 0 0 0 0 0 0 0 0 0 0 0 0 0 0 0 0 0 0
0 0 0 0 0 0 0 0 0 0 0 0 0 0 0 0 0 0 0 8 8 8 8 8 7 8 8 8 8 8 0 0 0 0 0 0 0 0 0 0 0 0 0 0 0 0 0 0 0 0
0 0 0 0 0 0 0 0 0 0 0 0 0 0 0 0 0 0 0 8 8 9 8 8 7 8 8 9 8 8 0 0 0 0 0 0 0 0 0 0 0 0 0 0 0 0 0 0 0 0
0 0 0 0 0 0 0 0 0 0 0 0 0 0 0 0 0 0 0 8 8 8 8 8 7 8 8 8 8 8 0 0 0 0 0 0 0 0 0 0 0 0 0 0 0 0 0 0 0 0
1 1 1 1 1 1 1 1 1 1 1 1 1 1 1 1 1 1 1 1 1 1 1 1 1 1 1 1 1 1 1 1 1 1 1 1 1 1 1 1 1 1 1 1 1 1 1 1 1 1
1 1 1 1 1 1 1 1 1 1 1 1 1 1 1 1 1 1 1 1 1 1 1 1 1 1 1 1 1 1 1 1 1 1 1 1 1 1 1 1 1 1 1 1 1 1 1 1 1 1
0 0 0 0 0 0 0 0 0 0 0 0 0 0 0 0 0 0 0 0 0 0 0 0 0 0 0 0 0 0 0 0 0 0 0 0 0 0 0 0 0 0 0 0 0 0 0 0 0 0
0 3 0 0 0 0 0 0 3 0 0 3 0 0 0 0 0 0 3 0 0 0 0 0 0 0 0 0 0 0 3 0 0 0 0 0 0 0 3 0 0 3 0 0 0 0 0 0 3 0
0 0 0 0 0 0 0 0 0 0 0 0 0 0 0 0 0 0 0 0 0 0 0 0 0 0 0 0 0 0 0 0 0 0 0 0 0 0 0 0 0 0 0 0 0 0 0 0 0 0
0 0 5 2 2 2 2 5 0 0 0 0 5 2 2 2 2 5 0 0 0 0 0 0 0 0 0 0 0 0 0 0 5 2 2 2 2 5 0 0 0 0 5 2 2 2 2 5 0 0
0 0 5 2 4 2 2 5 0 0 0 0 5 2 4 2 2 5 0 0 0 0 0 0 0 0 0 0 0 0 0 0 5 2 4 2 2 5 0 0 0 0 5 2 4 2 2 5 0 0
0 0 5 2 2 2 2 5 0 0 0 0 5 2 2 2 2 5 0 0 0 0 0 0 0 0 0 0 0 0 0 0 5 2 2 2 2 5 0 0 0 0 5 2 2 2 2 5 0 0
0 0 5 5 5 6 5 5 0 0 0 0 5 5 5 6 5 5 0 0 0 0 0 0 0 0 0 0 0 0 0 0 5 5 5 6 5 5 0 0 0 0 5 5 5 6 5 5 0 0
0 0 0 0 0 0 0 0 0 0 0 0 0 0 0 0 0 0 0 0 0 0 0 0 0 0 0 0 0 0 0 0 0 0 0 0 0 0 0 0 0 0 0 0 0 0 0 0 0 0
0 3 0 0 0 0 0 0 3 0 0 3 0 0 0 0 0 0 3 0 0 0 0 0 0 0 0 0 0 0 3 0 0 0 0 0 0 0 3 0 0 3 0 0 0 0 0 0 3 0
0 0 0 0 0 0 0 0 0 0 0 0 0 0 0 0 0 0 0 0 0 0 0 0 0 0 0 0 0 0 0 0 0 0 0 0 0 0 0 0 0 0 0 0 0 0 0 0 0 0
0 0 0 0 0 0 0 0 0 0 0 0 0 0 0 0 0 0 0 0 0 0 0 0 0 0 0 0 0 0 0 0 0 0 0 0 0 0 0 0 0 0 0 0 0 0 0 0 0 0
0 0 0 0 0 0 0 0 0 0 0 0 0 0 0 0 0 0 0 0 0 0 0 0 0 0 0 0 0 0 0 0 0 0 0 0 0 0 0 0 0 0 0 0 0 0 0 0 0 0
0 0 5 2 2 2 2 5 0 0 0 0 5 2 2 2 2 5 0 0 0 0 0 0 0 0 0 0 0 0 0 0 5 2 2 2 2 5 0 0 0 0 5 2 2 2 2 5 0 0
0 0 5 2 4 2 2 5 0 0 0 0 5 2 4 2 2 5 0 0 0 0 0 0 0 0 0 0 0 0 0 0 5 2 4 2 2 5 0 0 0 0 5 2 4 2 2 5 0 0
0 0 5 2 2 2 2 5 0 0 0 0 5 2 2 2 2 5 0 0 0 0 0 0 0 0 0 0 0 0 0 0 5 2 2 2 2 5 0 0 0 0 5 2 2 2 2 5 0 0
0 0 5 5 5 6 5 5 0 0 0 0 5 5 5 6 5 5 0 0 0 0 0 0 0 0 0 0 0 0 0 0 5 5 5 6 5 5 0 0 0 0 5 5 5 6 5 5 0 0
0 0 0 0 0 0 0 0 0 0 0 0 0 0 0 0 0 0 0 0 0 0 0 0 0 0 0 0 0 0 0 0 0 0 0 0 0 0 0 0 0 0 0 0 0 0 0 0 0 0
0 3 0 0 0 0 0 0 3 0 0 3 0 0 0 0 0 0 3 0 0 0 0 0 0 0 0 0 0 0 3 0 0 0 0 0 0 0 3 0 0 3 0 0 0 0 0 0 3 0
0 0 0 0 0 0 0 0 0 0 0 0 0 0 0 0 0 0 0 0 0 0 0 0 0 0 0 0 0 0 0 0 0 0 0 0 0 0 0 0 0 0 0 0 0 0 0 0 0 0
0 0 0 0 0 0 0 0 0 0 0 0 0 0 0 0 0 0 0 0 0 0 0 0 0 0 0 0 0 0 0 0 0 0 0 0 0 0 0 0 0 0 0 0 0 0 0 0 0 0
0 0 0 0 0 0 0 0 0 0 0 0 0 0 0 0 0 0 0 0 0 0 0 0 0 0 0 0 0 0 0 0 0 0 0 0 0 0 0 0 0 0 0 0 0 0 0 0 0 0
0 0 0 0 0 0 0 0 0 0 0 0 0 0 0 0 0 0 0 0 0 0 0 0 0 0 0 0 0 0 0 0 0 0 0 0 0 0 0 0 0 0 0 0 0 0 0 0 0 0
0 0 0 0 0 0 0 0 0 0 0 0 0 0 0 0 0 0 0 0 0 0 0 0 0 0 0 0 0 0 0 0 0 0 0 0 0 0 0 0 0 0 0 0 0 0 0 0 0 0
0 0 0 0 0 0 0 0 0 0 0 0 0 0 0 0 0 0 0 0 0 0 0 0 0 0 0 0 0 0 0 0 0 0 0 0 0 0 0 0 0 0 0 0 0 0 0 0 0 0